0 0.0448135 0.47348
1 0.267596 0.126596
2 0.594859 0.0397476
3 0.271059 0.319967
4 0.213934 0.754145
5 0.0682134 0.766596
6 0.271767 0.92574
7 0.469021 0.152973
8 0.538167 0.489061
9 0.618139 0.600572
10 0.164291 0.726166
11 0.195651 0.580442
12 0.201155 0.478484
13 0.335733 0.323575
14 0.651898 0.692072
15 0.663677 0.72958
16 0.263399 0.788823
17 0.211989 0.455635
18 0.743245 0.672632
19 0.448965 0.485883
20 0.715433 0.722345
21 0.271533 0.338263
22 0.725452 0.674297
23 0.792515 0.357363
24 0.88337 0.153935
25 0.996228 0.387937
26 0.716919 0.589246
27 0.751148 0.189829
28 0.587076 0.402391
29 0.796044 0.563227
30 0.596989 0.537055
31 0.944834 0.363398
32 0.927163 0.701967
33 0.655008 0.956216
