 34 2
 0    0.0522    0.5697
  1    0.2529    0.7050
  2    0.5441    0.6557
  3    0.3506    0.6222
  4    0.0902    0.2669
  5    0.0014    0.3178
  6    0.1056    0.1289
  7    0.3047    0.6113
  8    0.3584    0.2761
  9    0.5455    0.3376
 10    0.0896    0.2712
 11    0.1749    0.5051
 12    0.1894    0.5689
 13    0.4351    0.6005
 14    0.4807    0.0901
 15    0.4897    0.0930
 16    0.0977    0.2554
 17    0.1936    0.5745
 18    0.4829    0.0873
 19    0.3078    0.4214
 20    0.4829    0.0880
 21    0.1928    0.5755
 22    0.4906    0.0901
 23    0.6985    0.1969
 24    0.7213    0.3205
 25    0.7966    0.2236
 26    0.5111    0.0946
 27    0.7141    0.3076
 28    0.7055    0.3464
 29    0.4979    0.0821
 30    0.4136    0.1990
 31    0.7651    0.4409
 32    0.3869    0.0016
 33    0.6493    0.0436