72 252
87 270
153 239
76 115
220 295
263 265
223 263
62 153
176 257
87 96
144 269
176 299
169 215
81 218
67 214
28 274
37 221
7 268
26 215
98 153
59 153
153 306
152 153
18 28
72 220
143 220
162 220
220 264
85 220
175 220
32 220
80 220
220 270
23 220
220 254
136 220
31 220
87 220
15 220
94 220
176 284
87 143
7 137
113 268
243 261
113 288
218 288
81 288
242 288
288 290
103 288
97 288
268 288
288 293
112 268
126 273
58 220
75 87
87 160
72 87
87 248
87 90
87 264
87 94
85 87
47 87
87 178
73 87
87 175
87 95
32 87
38 87
80 87
87 252
23 87
87 191
87 254
42 87
87 136
87 295
87 289
87 211
15 87
51 81
81 151
77 272
85 248
94 295
58 295
78 280
220 259
90 259
259 264
73 259
32 259
259 289
26 121
26 167
26 269
26 79
4 26
26 145
26 199
9 26
18 26
26 116
26 63
26 29
26 183
26 52
26 296
26 287
12 26
26 274
26 173
26 67
26 214
26 246
80 85
21 138
4 28
103 242
107 154
126 230
6 126
126 176
126 228
69 126
126 251
107 126
37 126
126 194
126 300
16 126
105 126
2 126
126 247
126 127
126 128
76 126
126 256
27 126
3 126
49 126
126 284
82 126
126 209
126 303
17 126
126 154
126 138
126 257
77 126
115 126
126 299
126 272
151 155
25 151
151 193
97 151
44 151
151 304
176 230
154 176
77 176
76 228
166 232
76 154
0 101
18 199
18 296
91 242
129 266
214 215
111 166
111 243
49 257
77 257
0 249
284 299
220 248
56 124
264 295
13 268
80 222
232 243
288 294
28 296
3 230
3 6
3 176
3 69
3 107
3 37
3 16
3 247
3 128
3 76
3 27
3 49
3 273
3 284
3 82
3 303
3 154
3 138
3 257
3 77
3 115
3 299
3 272
171 293
69 272
39 78
173 296
72 289
2 273
145 173
232 240
83 242
90 264
32 90
178 191
73 222
51 192
73 264
57 185
57 260
57 81
57 290
44 57
57 192
57 244
51 57
9 215
111 267
243 267
13 267
112 224
90 220
80 90
12 241
218 268
70 265
37 49
37 284
37 154
37 257
26 89
46 218
11 168
49 77
28 199
78 186
186 280
108 125
154 230
154 284
138 154
154 257
154 299
111 218
32 264
152 306
117 267
138 299
257 299
28 241
117 305
51 99
52 269
86 265
7 226
155 226
166 226
218 226
226 253
117 226
91 226
111 226
226 298
226 243
13 226
226 304
151 288
298 305
37 273
49 284
257 284
76 272
111 305
167 269
50 182
50 78
192 267
122 193
154 273
16 273
7 253
28 214
192 244
37 299
24 242
50 280
39 280
98 152
166 267
232 267
12 28
147 242
267 268
181 242
49 272
115 154
49 154
49 76
163 288
224 268
173 281
232 268
193 200
73 220
24 83
186 237
39 186
138 256
200 288
52 296
226 267
143 222
192 260
81 192
44 192
192 240
239 307
7 99
117 268
99 268
191 211
252 289
136 222
37 77
103 231
103 200
103 304
99 103
169 214
9 28
28 144
91 267
59 98
111 260
34 111
13 111
56 111
80 248
51 244
77 154
245 280
106 277
218 231
77 228
98 239
62 98
202 268
18 173
152 239
51 151
53 144
0 74
0 217
29 53
52 167
136 191
73 295
223 277
145 269
268 297
128 273
82 128
182 186
46 243
10 268
25 124
166 268
37 76
37 272
44 112
150 177
77 138
173 287
110 272
138 257
166 243
115 299
115 273
76 77
76 221
25 266
107 176
52 287
153 307
65 289
28 29
6 209
121 296
144 145
80 270
176 273
28 145
231 304
9 121
136 178
28 187
28 134
28 121
28 269
26 28
6 127
6 272
28 79
28 169
28 63
28 67
56 151
181 268
13 202
107 303
49 110
16 228
2 16
264 283
81 200
67 116
231 242
6 303
56 166
56 260
56 243
34 56
151 181
242 268
128 303
79 216
73 254
4 12
34 243
228 273
180 266
7 218
7 25
182 280
59 62
152 307
121 215
199 215
18 215
183 215
215 296
156 215
215 246
154 272
25 224
25 268
81 290
94 259
10 242
20 242
37 128
37 115
107 273
107 115
137 242
240 268
175 289
226 268
183 246
32 289
1 188
199 296
67 296
97 218
218 267
151 240
99 157
228 256
90 175
28 52
49 127
13 99
206 242
165 253
250 253
1 26
26 188
224 288
104 287
65 248
253 293
127 128
58 208
0 205
273 303
136 211
58 259
58 90
32 222
25 181
6 273
214 296
121 214
95 178
257 272
115 176
90 289
56 232
13 243
78 245
78 182
242 308
272 303
56 181
47 72
186 245
50 186
103 193
32 175
26 144
1 215
151 224
127 272
231 268
129 268
200 268
151 268
193 268
111 268
103 268
268 304
268 293
82 127
6 82
210 303
175 252
224 294
218 253
231 262
25 232
178 211
95 211
3 228
3 300
3 105
2 3
3 127
3 256
53 79
166 224
46 224
218 224
224 232
224 267
111 224
224 243
224 240
13 224
39 182
80 264
97 268
138 176
76 257
16 49
58 94
211 220
56 129
94 208
122 294
72 143
67 287
183 296
6 49
128 154
46 111
100 294
222 289
13 181
88 118
88 177
181 267
14 88
175 270
18 214
16 154
25 231
143 270
117 151
46 171
72 264
94 264
38 264
58 264
31 264
10 83
3 209
49 176
193 288
155 224
113 224
224 242
181 224
26 169
199 214
11 132
132 168
101 205
13 46
99 171
1 28
75 143
143 160
143 248
90 143
143 264
94 143
96 143
85 143
47 143
143 178
73 143
143 175
95 143
32 143
38 143
80 143
143 252
23 143
143 191
143 254
42 143
136 143
143 295
143 289
143 211
15 143
103 224
224 266
224 304
51 185
111 193
103 290
252 270
189 252
91 224
7 109
121 169
214 269
52 214
16 128
155 231
207 265
68 207
258 303
16 82
120 275
14 275
82 273
99 293
148 150
133 268
127 273
13 218
167 287
173 215
232 294
185 232
7 240
6 154
154 228
69 154
154 251
154 194
154 300
105 154
2 154
154 247
127 154
154 256
27 154
82 154
154 209
154 303
17 154
112 290
205 302
79 144
7 155
6 228
209 228
37 176
107 228
228 303
117 266
46 231
9 199
1 199
199 246
46 193
121 199
232 304
232 297
99 232
232 293
28 246
13 229
4 199
28 287
155 218
218 304
7 232
7 288
7 231
7 290
7 97
7 181
7 133
7 267
3 251
3 161
6 107
103 113
103 218
81 103
97 103
103 293
7 224
157 293
113 157
239 306
167 187
2 228
222 252
117 224
13 288
3 210
1 246
56 57
47 211
28 116
78 204
28 167
136 175
69 115
25 129
232 288
109 232
129 181
12 274
88 92
37 230
37 300
37 247
28 173
28 183
267 288
252 264
12 18
153 213
72 254
6 221
82 209
7 117
62 152
207 223
210 221
247 300
69 303
27 257
268 298
229 268
70 223
115 272
99 218
218 279
171 262
171 267
246 296
10 24
146 298
64 224
220 289
68 277
82 284
43 154
81 164
109 288
149 158
5 149
31 32
124 129
217 255
121 246
66 88
218 232
30 232
30 117
30 268
29 145
67 274
57 231
108 232
72 178
115 247
49 115
1 4
243 268
34 129
129 288
95 254
1 183
34 124
67 79
191 254
264 289
253 268
253 262
253 267
129 151
223 265
108 294
224 231
224 293
116 246
25 133
247 257
199 274
25 34
24 103
231 232
46 166
129 224
16 127
37 303
56 224
133 232
67 216
273 284
115 284
121 183
112 231
52 241
173 183
215 269
151 218
25 117
18 246
239 292
175 264
252 295
263 277
106 263
68 263
70 263
207 263
263 291
86 263
62 213
220 222
189 248
6 37
37 228
37 107
16 37
37 105
37 127
37 82
37 138
134 287
68 106
28 215
174 242
12 134
44 290
34 260
38 136
171 268
178 220
75 220
44 81
137 268
117 181
175 191
1 121
210 258
299 303
175 254
51 260
130 267
129 218
23 41
46 293
218 261
218 240
55 220
160 220
47 220
95 220
38 220
220 252
41 220
6 69
6 76
6 27
6 230
6 176
6 251
6 194
6 16
6 105
2 6
6 247
6 128
6 256
6 284
6 17
6 138
6 257
6 77
6 115
6 299
226 231
2 230
46 268
255 270
1 18
306 307
267 294
157 267
231 267
267 305
267 298
133 267
95 191
95 175
47 175
130 229
80 175
25 56
187 287
241 287
175 178
8 224
191 264
224 297
121 167
18 121
121 287
67 121
121 281
49 303
46 267
12 214
124 231
23 72
23 175
41 175
13 232
12 296
213 307
9 18
46 83
32 162
32 47
32 178
32 95
32 80
32 270
32 191
32 254
32 136
80 191
59 239
162 191
94 252
157 224
193 224
130 288
117 242
82 257
52 215
99 224
115 128
73 95
174 224
138 272
116 135
44 288
153 195
107 247
152 195
195 307
272 284
59 195
62 195
111 124
6 210
7 151
98 195
195 239
195 213
195 306
2 138
232 244
10 224
222 264
155 240
10 212
77 284
79 287
281 287
0 123
26 227
0 302
157 171
218 293
221 228
44 218
136 252
24 125
127 303
39 50
127 256
127 221
44 97
56 185
38 47
80 289
207 291
142 290
115 127
145 287
79 214
157 268
268 279
248 252
174 268
212 242
44 185
44 137
44 260
44 51
44 198
44 244
49 138
108 288
108 142
4 18
108 124
29 269
29 79
29 63
29 144
29 67
29 214
268 294
118 158
5 118
51 240
166 171
80 254
178 270
211 270
208 270
51 290
104 274
128 256
125 224
24 224
297 298
136 208
226 232
25 226
16 107
240 288
133 266
152 292
16 230
16 176
127 257
76 176
129 231
108 218
107 221
138 303
180 240
46 180
72 175
57 155
106 223
166 240
281 296
111 231
43 284
201 224
45 108
58 87
37 69
107 127
49 107
69 299
46 240
26 33
97 290
7 293
126 221
83 212
12 52
62 307
221 272
176 272
48 268
124 268
222 254
27 176
181 231
151 232
256 272
32 73
151 294
151 293
12 79
52 121
50 245
145 215
215 287
130 298
29 169
27 273
128 221
221 256
221 273
82 221
18 167
107 210
36 267
56 99
198 229
151 298
8 46
174 308
129 304
64 229
288 308
201 243
181 298
8 253
97 304
99 133
35 242
13 109
111 200
91 279
201 279
46 113
7 166
36 193
108 293
108 253
24 294
34 198
147 266
35 147
103 117
174 180
25 202
25 155
151 278
218 297
129 261
229 267
85 264
223 291
86 223
68 223
103 151
247 273
133 240
272 273
7 298
76 273
79 135
93 217
52 134
107 159
137 250
75 136
230 247
38 295
91 109
94 222
7 91
129 267
75 270
51 137
51 198
91 137
103 108
103 308
90 252
57 236
115 230
115 257
12 199
222 248
192 288
218 243
56 267
155 268
29 116
21 176
24 212
69 76
185 192
26 282
231 240
13 240
7 13
7 242
7 129
94 175
38 175
175 295
175 211
87 222
76 209
80 295
211 295
94 211
38 211
80 211
230 273
254 270
1 52
2 27
44 111
47 75
75 211
7 113
7 157
69 221
27 221
3 221
49 221
221 303
221 230
176 221
221 300
16 221
2 221
221 247
221 284
209 221
154 221
138 221
221 257
77 221
115 221
221 299
128 176
107 272
253 266
87 259
47 178
56 242
151 267
202 267
183 199
68 225
208 220
269 281
231 288
172 275
130 155
130 166
46 130
8 130
130 218
130 232
45 130
130 253
130 231
130 305
130 202
111 130
130 133
130 243
130 240
130 268
13 130
130 304
130 297
1 12
4 287
135 145
241 274
111 171
31 136
124 232
142 218
218 290
47 191
281 282
99 180
181 218
99 113
4 183
73 90
113 129
129 232
99 129
129 293
44 103
224 253
77 256
81 109
34 224
202 224
218 242
57 200
56 266
215 274
108 308
45 308
137 185
57 137
137 260
81 137
137 198
137 290
137 192
137 244
248 270
111 155
111 232
103 111
173 199
56 193
47 270
44 242
87 208
181 266
38 80
58 252
58 289
274 296
15 95
128 228
61 272
109 231
133 231
129 242
37 114
114 303
48 56
56 133
18 52
56 231
76 127
27 76
76 256
76 138
32 72
195 292
166 260
129 240
25 253
25 180
25 201
231 253
111 129
21 76
129 193
36 117
39 245
112 288
207 277
44 46
44 193
44 293
46 103
91 103
7 294
10 129
22 287
91 113
57 91
91 218
91 232
91 117
91 231
157 229
2 127
91 268
191 270
15 191
55 191
103 129
91 288
81 231
59 213
60 178
124 266
112 266
170 266
36 266
231 266
201 266
163 266
266 268
64 266
34 266
266 304
216 287
176 303
37 194
37 110
240 262
240 267
25 112
25 170
25 36
25 163
25 64
216 246
133 166
81 185
202 297
124 181
48 124
34 48
159 303
81 193
46 81
62 306
59 307
240 253
10 288
46 288
81 242
81 293
38 252
80 252
82 176
59 152
9 89
1 173
185 244
6 110
144 214
121 282
173 246
134 269
7 36
116 269
230 303
43 299
79 116
48 129
75 191
60 87
75 178
244 260
247 299
12 215
27 138
200 231
200 304
99 200
97 267
124 155
116 214
116 215
121 274
12 121
12 269
83 193
79 89
153 292
265 277
80 136
202 218
114 221
52 89
13 166
13 231
91 133
129 133
215 282
70 277
81 232
289 295
4 215
90 295
103 240
49 247
138 284
41 289
97 112
21 303
173 216
69 77
262 268
268 290
77 115
246 282
210 273
99 288
13 97
117 288
1 116
26 190
15 80
145 169
9 296
155 267
103 267
107 230
2 107
107 128
76 107
107 256
27 107
107 284
107 138
107 257
107 299
107 114
70 207
157 294
103 232
2 128
2 49
2 284
2 82
2 257
26 286
81 267
185 240
76 230
2 76
76 247
76 128
76 284
76 82
76 299
24 206
56 103
91 157
101 119
124 224
34 181
46 232
159 210
24 268
2 247
40 58
181 261
40 220
40 90
40 264
40 73
32 40
40 289
115 228
27 115
115 303
115 300
16 115
2 115
115 256
82 115
115 209
115 138
145 216
77 273
150 235
89 121
8 298
79 179
26 179
82 210
51 288
179 286
157 193
110 126
193 231
7 233
59 306
79 145
56 112
56 170
56 253
56 288
56 180
56 202
56 141
56 200
56 97
56 201
56 163
56 268
56 64
267 293
166 193
179 282
43 176
171 193
48 231
97 117
193 243
114 159
51 193
192 193
287 296
12 287
34 193
112 193
89 188
166 218
166 231
48 166
129 166
34 166
233 268
48 193
79 286
91 151
137 218
84 195
49 128
34 133
0 276
195 238
98 238
238 239
84 238
152 238
234 238
238 307
59 238
213 238
238 306
153 238
62 238
84 234
234 307
59 234
213 234
62 234
234 239
152 234
195 234
82 107
297 308
192 268
7 192
84 153
153 234
192 290
44 129
32 252
253 288
62 84
216 269
107 258
127 176
72 222
175 248
193 267
157 218
84 213
171 243
243 279
243 260
231 243
48 243
129 243
28 282
28 179
58 248
69 228
69 256
97 253
48 111
112 242
49 69
10 285
230 299
60 75
83 174
34 103
32 208
15 136
139 157
97 226
103 122
38 178
57 288
90 94
90 270
90 136
169 179
54 126
242 285
97 224
116 287
60 191
176 228
44 56
155 253
9 246
115 131
37 131
77 131
212 294
212 288
200 212
95 248
83 218
143 259
75 248
75 208
71 307
10 46
87 162
110 127
62 71
84 306
71 195
79 199
21 154
7 244
7 51
7 200
138 159
108 224
82 138
2 69
2 300
2 299
70 291
81 129
212 285
285 308
19 285
218 285
81 285
193 285
83 285
103 285
44 285
268 285
71 152
171 260
171 240
69 128
27 128
128 272
128 230
128 300
128 247
128 284
128 209
128 138
128 257
77 128
128 299
193 293
124 193
97 193
195 196
143 208
46 242
102 234
10 81
102 195
123 248
6 300
41 80
228 272
131 272
209 272
58 143
60 143
143 162
240 294
34 268
24 308
21 210
121 134
121 269
79 121
4 121
63 121
29 121
121 179
121 173
121 241
3 131
102 152
218 298
84 307
134 274
119 270
112 253
183 282
84 239
84 152
59 84
29 179
62 102
122 288
224 233
58 73
73 94
169 199
25 261
240 301
111 288
102 238
48 218
81 260
81 244
84 98
193 262
175 222
248 264
107 197
5 158
102 307
40 248
117 232
73 80
72 211
90 248
90 96
47 90
90 178
90 95
38 90
23 90
90 191
90 254
60 90
90 211
15 90
90 162
212 293
196 239
196 238
152 196
124 185
112 124
264 270
142 242
96 220
191 220
60 220
86 207
167 274
77 107
1 282
13 129
140 268
34 46
162 270
7 212
134 167
134 203
18 287
49 131
99 193
97 294
97 242
271 275
127 299
83 293
7 34
67 169
10 112
179 214
214 287
52 274
136 254
83 268
131 154
46 56
56 171
233 288
118 184
126 131
254 264
24 285
14 150
13 133
24 240
96 270
13 279
240 279
186 204
204 280
219 293
193 219
212 218
77 127
27 77
77 303
77 230
77 300
16 77
2 77
77 247
77 82
77 209
77 299
13 253
97 240
98 234
98 307
98 213
98 306
151 202
103 219
18 282
71 306
12 116
96 252
44 219
32 42